$ANSIBLE_VAULT;1.1;AES256
32663731373634363639376161626364636665303130306366663435616332653562383335363335
3033353634663364313161346334313965353333633433370a636639643637646439613932353566
35616466373966353764316634623862343264366231333561313864306666346661656230323730
6634313436363164330a363462376131613264386166346333623366646137613738353765343462
39346530303532646537633437303134616464393237326465623438646665333535363536336562
31633439613162613430353266376431376161303232363363336630316163643936383833626330
62383334323439626134633030336235333261643661323963393161303135316535323730326465
39626539656163363738303966313766393336636536636437626334313462313937306438336362
37323731323966623633656665386132623730323134363735346663626633666331383937343663
65626266613034626666633836313831383866313138313763346538356666323033383337353938
31386634393635646530313963633763376537653236663231376533653961633230396537613330
61373766356534316332373161353735656361356135376435373163336239323535356638626537
64643764396231333965623734363131386637633163373731363037643932316430633234313536
30313331303033643632636639386231373338303937386536393231663665633063323931353662
33303165313031303365653866643134343539663839633836383566353033663433366463393565
39303232643936326432623135326362333165656366366261656331323466396165363662386164
39393335376132306137663864353636323662313934373536656431333835356131623165326166
31613837613235396539383738623738303431323361346139313734383736303035373435633465
37616634316634303130356134326162373666343966623932616565643338313939313666393033
65623838646463373838663837356132373936353136396638396539383762333430656638666164
39333332316533363436623364396664666234626231306163653937386263646533633363363832
36353563356233393763386163363336333663636536626230633334323465323535363538383963
66343730373135353362653365313030656262386233393835356634376661353439326131353037
30653335643133663336386262666266663733343761343131663139386337643638616531643066
66623665393932333066353537313034633936396238306436623366373735326464313066643361
64326165663761306233396232316332343365663534333139313538653632636165643966326661
32396238333532666362323834383864303439346266396631366133353831356265643738663165
30383562666561666437306464323333396364623731616163353232376235386265363562323834
34663964383162643131653139626666333361383637663836666563386366363563666336663965
63633237373439656235643564613565623232376239613563376635346230303534613138623363
33303561306531623431313166633435383135313733353733346633363633386432663633393436
39643438393830373639336366316138353962313932336139336438373862626437633866303835
62333132306433396535353161396638393936363661626533623331376231376637343036323063
64373836643666326261356139623738633863313631336535363934316337393963316339303063
62383334313038316636326631303032343662346163363439363565303630343461646630353637
31323935306566373133396463323336326231393462656463333066313335616635643862326262
64646639353761366134623661663833306537663465323736333231336665653966373439626535
64656463623730653338386465316635396563333861633638306464383037623832636538643139
61323931303664356435613933306264626136306662656366636238313331363563393039323930
33623463353239663066613464636665363735356531373531343633623064383738663839366462
64633837666565316239323137663536313338313261373734326330326232626230386163656332
34323837356564636339666162363166666134316366326335306263383136306136626530396238
63343733313262396537353937326539616639346536393466613663663236393931646661353965
62343861363339613062366263623461613339623138303935343763363836393265316462396431
61353933373863353164653461653634666133353035386539326432313464376634643832336666
36616130313263613766313135396535646530613739306662313037376638323136643964353334
31663564666236343530353861373232376138636664376630326161616661373066353565353462
34323231613738336132303334323431663330336534333332303639383238386234623563386630
63623731383133393930653766393962386161323164396665306534396138616563633130643133
35663033396435663133646263313262663330393462613161383465313264323132323164393161
32313231633465356461653233616235346634636265616639333930656435656662396463623930
61373732383063383632643063333964643964313966386532623736653830353639323635333561
33383231336539313834653361613964303063313165323630613834656465323330613339396535
33313262616238656136393932613630653139303034616431313638343037643038376465376561
31653561373865373535306565366436386135616362383537626233343562653939343365336661
63386637333230306534386536353637613331373562376133313932303366383035323531626337
37363530333361343338313838316565643137663733343732366462633463336533373164306536
32383365356233313238366338653430383439666538313137396162363361633432396136313233
62636462653362643830616430656334326233663037333166316164393962323331653865343136
31646666643433363338623334393237653933383935323766613530373866666539323066323464
31663962313664656461343935633762383731626538326334663635663037313834646239363461
35346338343339383539353133306662356634623037323237306534363531623661303835323435
65363634623236623334306236663932363733333832663833373132376564363333613365376539
64613566663964636136376337356664616664303462313531386632616631363932353833323366
39376564363939356533613236393766303366666462623237656638666332626332646533373731
35343663316536613436376635396164376536333563343763386330303265373366613066373134
37323238653237316632356632303330643532643165353864376137613639343066383335366130
64356630653163613861313831613332616434613530353362303431663339663638326531633631
62666338323633393166326663623136613636633938353131663637323336363036623337316231
63633764376239663062326361366237666364666463613861303433333661383430356465326266
32346232613865383738613133333138316437313136623636633336613037333734323639646364
36663438616538623263383030326336356535616566303630333063393666396161383963373238
39633138656231663237366466613663376134376336613231313933363664666466653436373364
65333739653166336139343339613632356631393062326236326564373134343736303063303730
39643062363365396232613339646262353961346130313130383038643932383637663765303831
35636165363865343937373661636562313434333239643566356662316234346635383365633665
64626465653532663431346330613861383865333739663934303466616264373038633431666365
66306433643430626333313063356231313032656461306561616637656666316264623031373330
62396262663237383232663736306334626663666130633066326662316533653962393230343736
38313337323730396261326332393138353739366265343461663765313362313635656136373066
31373536613035303761643061386431613936653565653966303963376137396533373239633566
33386531303662323236616564396235326163643838383632323263346335353462626635313230
36333132333731623633363961323833366663396465323263356631396433653762356131323362
65356231616165373730373332636533343236393939303237343864353366386630643463373439
35343966383339663535326163333062653636373938656562656536656166303239323037626536
66653034326239643936306435623963303365656663303362373762646461646235656633386238
66643932303561303366306662626132333332643766326430303634376335393836363862393932
61656338623239356162313865626336343732393831303038366362383730633163646365393965
62346335346631613537333731383663366234333533643339323330386262323466333738653066
34363839323634316530303530343936393834343762643131303661343466656366333834646434
39366166383564633536376262376436303937653336363235623862333565363161393834646232
33313037386464346633366634666263633365336165623464633062303035653139356136643265
37356633373463306336363438666463323861346333316461613532666335666536643734646239
31666663636338323565316632656638643735626364326630356138613532636133326634346564
62313836646364653535363137326634663030613565623761373061393065383461613837323866
63663462383532353766376161346433383162333137366562313939396566616538353634383364
61626361316665313439316531343338356636663763613362343936663939313661383831316162
30623461353130316336666366386666376266643762353563353432306133633436313731303962
61346164663563666165633732353665666232353536656432666638373634373365346639613737
32326338323065353239656238626364323330333963656534613238633334363932373733623262
32323434646561666135393135333731343161353766393132306336393538623933373632353064
62326532626139373833336333663264613831306132393562336131303336633833643634666466
35306466306330393234396161663237623739623731613361653366616263613039343433353533
65613738616130636466356538653739643035373561396530346464623838366662393334666537
36333062373931316230396464396662326161316536663032303563313032623166393036663330
33343430626635313937613734613632396435343865323065656239376337356134303864366434
38356166316666393638303830643630613831366366303563343737356638646165616162356263
62313032643634306139623936326239396232303335336164343433353661666538616337313636
64663264323265663939336362643961633036333631636236333066656138363535323033663138
31343135313035366431323561373961393036356336303464373135653861316133306563636330
65316630316138666462313034363464613930333032313234366130336166613133376361376565
32346331343763333964346133373230323932623732393435656136333539396433306333373035
35366238396432653232666133616463366663646235623466376261366538613730353730393061
34343066306432383661366166373638373632313863386433313261353036366238363834316663
62323566646532373034366530366239646665313637663733373462396637323833333637646430
64353165613937613139646132323633626331333236306662623566373932383335656263616431
39623161363964646638663964383737656130313937386539623234633836653161653836303135
66636537303838616462363663316239643438633539336365663865303234313338646133343632
61653932656139336535613037353461623332653639623035393961303232313732396536623335
30666538636133313662393134343035376136386366616333386339666235613035343963666431
36333463326166333837333461343966643032626165623337363930343265663036313835633361
61393837303262633338633031653462616530623331316435636365356433626139386135333030
33376638613362313538653535333335313132623561656430343432333965396237653162353534
34313037346134383230366563626533343939303833626134396534613332316638633363623039
34376564626163306430353137353562373338656235363665366230313637316635623330386265
33383262343831373662666338666231633464306533333338393236323263303237613263393663
31656365633436666330616661353331393834623430366361393265326263333237613835663530
30636263336237303632313737386130333134643937306237613163646237663634303237343632
66623936656436623064346232653937653736616466356635383831363236313466343935373739
38323634356164396464666431306130333664373639383166353166396337376436333432333664
38326430623337623331393532373836383865333963646661643933353137346139376564336262
31303463616261663964656633643237626432323463363133333831373533623138333139636339
32326262626237376265346466393437626466633834663661323765343762663938383234333135
34363935333836393435663663636362333337306335333533393633663365316166393461326666
31666433303635343835366466343962393537333664363863636633333038333035363139376462
34636333646232336336633131336435326265643465303839376661393363333763323334663133
3862
